
% Table created by stargazer v.5.2.3 by Marek Hlavac, Social Policy Institute. E-mail: marek.hlavac at gmail.com
% Date and time: Wed, Sep 13, 2023 - 21:56:07
\begin{table}[!htbp] \centering 
  \caption{} 
  \label{tbl:construct_correlations_serbia} 
\begin{tabular}{@{\extracolsep{5pt}} cccccccccccccc} 
\\[-1.8ex]\hline 
\hline \\[-1.8ex] 
 & health\_knw & dev\_knw\_recog & parent\_knw & attitude & caregiver\_well\_being & dev\_knw\_concern\_0\_2 & dev\_knw\_concern\_3\_6 & was\_breastfed & self\_care & family\_care & practices\_24 & practices\_agree & practices\_hostility \\ 
\hline \\[-1.8ex] 
health\_knw & $1$ & $0.23$ & $0.02$ & $0.12$ & $0.09$ & $0.05$ & $0.01$ & $0.02$ & $0.09$ & $0.15$ & $0.12$ & $0.10$ & $0.07$ \\ 
dev\_knw\_recog & $0.23$ & $1$ & $0.10$ & $0.07$ & $0.04$ & $0.08$ & $0.07$ & $$-$0.12$ & $$-$0.01$ & $0.10$ & $0.08$ & $0.13$ & $0.07$ \\ 
parent\_knw & $0.02$ & $0.10$ & $1$ & $0.07$ & $0.45$ & $$-$0.06$ & $$-$0.11$ & $0.14$ & $0.03$ & $0.12$ & $0.15$ & $0.20$ & $0.21$ \\ 
attitude & $0.12$ & $0.07$ & $0.07$ & $1$ & $0.08$ & $0.11$ & $0.04$ & $0.01$ & $0.01$ & $0.03$ & $0.14$ & $0.17$ & $0.29$ \\ 
caregiver\_well\_being & $0.09$ & $0.04$ & $0.45$ & $0.08$ & $1$ & $$-$0.03$ & $$-$0.09$ & $0.04$ & $0.03$ & $0.08$ & $0.09$ & $0.21$ & $0.25$ \\ 
dev\_knw\_concern\_0\_2 & $0.05$ & $0.08$ & $$-$0.06$ & $0.11$ & $$-$0.03$ & $1$ & $0.05$ & $$-$0.09$ & $$-$0.07$ & $$-$0.02$ & $$-$0.0002$ & $0.15$ & $0.04$ \\ 
dev\_knw\_concern\_3\_6 & $0.01$ & $0.07$ & $$-$0.11$ & $0.04$ & $$-$0.09$ & $0.05$ & $1$ & $0.04$ & $$-$0.05$ & $$-$0.02$ & $0.03$ & $0.06$ & $$-$0.04$ \\ 
was\_breastfed & $0.02$ & $$-$0.12$ & $0.14$ & $0.01$ & $0.04$ & $$-$0.09$ & $0.04$ & $1$ & $0.06$ & $0.04$ & $$-$0.11$ & $0.04$ & $0.11$ \\ 
self\_care & $0.09$ & $$-$0.01$ & $0.03$ & $0.01$ & $0.03$ & $$-$0.07$ & $$-$0.05$ & $0.06$ & $1$ & $0.24$ & $0.13$ & $$-$0.03$ & $0.01$ \\ 
family\_care & $0.15$ & $0.10$ & $0.12$ & $0.03$ & $0.08$ & $$-$0.02$ & $$-$0.02$ & $0.04$ & $0.24$ & $1$ & $0.19$ & $0.11$ & $0.08$ \\ 
practices\_24 & $0.12$ & $0.08$ & $0.15$ & $0.14$ & $0.09$ & $$-$0.0002$ & $0.03$ & $$-$0.11$ & $0.13$ & $0.19$ & $1$ & $0.10$ & $0.03$ \\ 
practices\_agree & $0.10$ & $0.13$ & $0.20$ & $0.17$ & $0.21$ & $0.15$ & $0.06$ & $0.04$ & $$-$0.03$ & $0.11$ & $0.10$ & $1$ & $0.25$ \\ 
practices\_hostility & $0.07$ & $0.07$ & $0.21$ & $0.29$ & $0.25$ & $0.04$ & $$-$0.04$ & $0.11$ & $0.01$ & $0.08$ & $0.03$ & $0.25$ & $1$ \\ 
\hline \\[-1.8ex] 
\end{tabular} 
\end{table} 
