
<table style="text-align:center"><caption><strong>Binary Variable Descriptives Bulgaria Baseline</strong></caption>
<tr><td colspan="6" style="border-bottom: 1px solid black"></td></tr><tr><td>name</td><td>mean</td><td>sd</td><td>prop_na</td><td>prop_0</td><td>prop_1</td></tr>
<tr><td colspan="6" style="border-bottom: 1px solid black"></td></tr><tr><td>NULL</td><td>0.95</td><td>0.22</td><td>0.75</td><td>0.01</td><td>0.24</td></tr>
<tr><td>NULL</td><td>0.95</td><td>0.22</td><td>0.79</td><td>0.01</td><td>0.2</td></tr>
<tr><td>NULL</td><td>0.95</td><td>0.23</td><td>0.75</td><td>0.01</td><td>0.24</td></tr>
<tr><td>NULL</td><td>0.94</td><td>0.23</td><td>0.55</td><td>0.03</td><td>0.43</td></tr>
<tr><td>NULL</td><td>0.93</td><td>0.26</td><td>0.55</td><td>0.03</td><td>0.42</td></tr>
<tr><td>NULL</td><td>0.91</td><td>0.29</td><td>0.75</td><td>0.02</td><td>0.23</td></tr>
<tr><td>NULL</td><td>0.87</td><td>0.34</td><td>0.75</td><td>0.03</td><td>0.22</td></tr>
<tr><td>NULL</td><td>0.87</td><td>0.34</td><td>0.75</td><td>0.03</td><td>0.22</td></tr>
<tr><td>NULL</td><td>0.85</td><td>0.36</td><td>0.51</td><td>0.07</td><td>0.42</td></tr>
<tr><td>NULL</td><td>0.85</td><td>0.36</td><td>0.79</td><td>0.03</td><td>0.18</td></tr>
<tr><td>NULL</td><td>0.85</td><td>0.36</td><td>0.79</td><td>0.03</td><td>0.18</td></tr>
<tr><td>NULL</td><td>0.83</td><td>0.37</td><td>0.51</td><td>0.08</td><td>0.41</td></tr>
<tr><td>NULL</td><td>0.83</td><td>0.38</td><td>0.77</td><td>0.04</td><td>0.19</td></tr>
<tr><td>NULL</td><td>0.82</td><td>0.38</td><td>0.51</td><td>0.09</td><td>0.41</td></tr>
<tr><td>NULL</td><td>0.81</td><td>0.39</td><td>0.79</td><td>0.04</td><td>0.17</td></tr>
<tr><td>NULL</td><td>0.81</td><td>0.4</td><td>0.5</td><td>0.1</td><td>0.4</td></tr>
<tr><td>NULL</td><td>0.8</td><td>0.4</td><td>0.79</td><td>0.04</td><td>0.17</td></tr>
<tr><td>NULL</td><td>0.76</td><td>0.43</td><td>0.55</td><td>0.11</td><td>0.34</td></tr>
<tr><td>NULL</td><td>0.71</td><td>0.45</td><td>0.55</td><td>0.13</td><td>0.32</td></tr>
<tr><td>NULL</td><td>0.71</td><td>0.45</td><td>0.79</td><td>0.06</td><td>0.15</td></tr>
<tr><td>NULL</td><td>0.7</td><td>0.46</td><td>0.75</td><td>0.08</td><td>0.18</td></tr>
<tr><td>NULL</td><td>0.7</td><td>0.46</td><td>0.55</td><td>0.13</td><td>0.32</td></tr>
<tr><td>NULL</td><td>0.68</td><td>0.46</td><td>0.55</td><td>0.14</td><td>0.31</td></tr>
<tr><td>NULL</td><td>0.67</td><td>0.47</td><td>0.53</td><td>0.16</td><td>0.31</td></tr>
<tr><td>NULL</td><td>0.65</td><td>0.48</td><td>0.77</td><td>0.08</td><td>0.15</td></tr>
<tr><td>NULL</td><td>0.61</td><td>0.49</td><td>0.75</td><td>0.1</td><td>0.15</td></tr>
<tr><td>NULL</td><td>0.57</td><td>0.49</td><td>0.55</td><td>0.19</td><td>0.26</td></tr>
<tr><td>NULL</td><td>0.53</td><td>0.5</td><td>0.79</td><td>0.1</td><td>0.11</td></tr>
<tr><td>NULL</td><td>0.33</td><td>0.47</td><td>0.79</td><td>0.14</td><td>0.07</td></tr>
<tr><td>NULL</td><td>0.28</td><td>0.45</td><td>0.79</td><td>0.15</td><td>0.06</td></tr>
<tr><td>NULL</td><td>0.24</td><td>0.43</td><td>0.75</td><td>0.19</td><td>0.06</td></tr>
<tr><td>NULL</td><td>0.2</td><td>0.4</td><td>0.79</td><td>0.17</td><td>0.04</td></tr>
<tr><td>NULL</td><td>0.19</td><td>0.39</td><td>0.54</td><td>0.37</td><td>0.09</td></tr>
<tr><td>NULL</td><td>0</td><td>0</td><td>0.79</td><td>0.21</td><td>0</td></tr>
<tr><td colspan="6" style="border-bottom: 1px solid black"></td></tr></table>
