
<table style="text-align:center"><caption><strong>Binary Variable Descriptives Pooled Endline</strong></caption>
<tr><td colspan="6" style="border-bottom: 1px solid black"></td></tr><tr><td>name</td><td>mean</td><td>sd</td><td>prop_na</td><td>prop_0</td><td>prop_1</td></tr>
<tr><td colspan="6" style="border-bottom: 1px solid black"></td></tr><tr><td>NULL</td><td>0.98</td><td>0.15</td><td>0.53</td><td>0.01</td><td>0.46</td></tr>
<tr><td>NULL</td><td>0.96</td><td>0.19</td><td>0.08</td><td>0.03</td><td>0.89</td></tr>
<tr><td>NULL</td><td>0.94</td><td>0.25</td><td>0.04</td><td>0.06</td><td>0.9</td></tr>
<tr><td>NULL</td><td>0.93</td><td>0.25</td><td>0.53</td><td>0.03</td><td>0.43</td></tr>
<tr><td>NULL</td><td>0.93</td><td>0.25</td><td>0.53</td><td>0.03</td><td>0.43</td></tr>
<tr><td>NULL</td><td>0.92</td><td>0.27</td><td>0.07</td><td>0.07</td><td>0.85</td></tr>
<tr><td>NULL</td><td>0.92</td><td>0.28</td><td>0.04</td><td>0.08</td><td>0.88</td></tr>
<tr><td>NULL</td><td>0.91</td><td>0.29</td><td>0.03</td><td>0.09</td><td>0.88</td></tr>
<tr><td>NULL</td><td>0.91</td><td>0.29</td><td>0.54</td><td>0.04</td><td>0.42</td></tr>
<tr><td>NULL</td><td>0.9</td><td>0.3</td><td>0.04</td><td>0.1</td><td>0.87</td></tr>
<tr><td>NULL</td><td>0.9</td><td>0.3</td><td>0.53</td><td>0.05</td><td>0.42</td></tr>
<tr><td>NULL</td><td>0.88</td><td>0.32</td><td>0.52</td><td>0.06</td><td>0.43</td></tr>
<tr><td>NULL</td><td>0.88</td><td>0.32</td><td>0.07</td><td>0.11</td><td>0.82</td></tr>
<tr><td>NULL</td><td>0.88</td><td>0.32</td><td>0.54</td><td>0.05</td><td>0.41</td></tr>
<tr><td>NULL</td><td>0.88</td><td>0.33</td><td>0.53</td><td>0.06</td><td>0.41</td></tr>
<tr><td>NULL</td><td>0.85</td><td>0.36</td><td>0.07</td><td>0.14</td><td>0.78</td></tr>
<tr><td>NULL</td><td>0.8</td><td>0.4</td><td>0.51</td><td>0.1</td><td>0.39</td></tr>
<tr><td>NULL</td><td>0.8</td><td>0.4</td><td>0.54</td><td>0.09</td><td>0.37</td></tr>
<tr><td>NULL</td><td>0.79</td><td>0.41</td><td>0.07</td><td>0.19</td><td>0.73</td></tr>
<tr><td>NULL</td><td>0.77</td><td>0.42</td><td>0.53</td><td>0.11</td><td>0.36</td></tr>
<tr><td>NULL</td><td>0.75</td><td>0.43</td><td>0.53</td><td>0.12</td><td>0.35</td></tr>
<tr><td>NULL</td><td>0.74</td><td>0.44</td><td>0.07</td><td>0.24</td><td>0.68</td></tr>
<tr><td>NULL</td><td>0.73</td><td>0.44</td><td>0.08</td><td>0.25</td><td>0.67</td></tr>
<tr><td>NULL</td><td>0.73</td><td>0.45</td><td>0.53</td><td>0.13</td><td>0.34</td></tr>
<tr><td>NULL</td><td>0.72</td><td>0.45</td><td>0.06</td><td>0.26</td><td>0.68</td></tr>
<tr><td>NULL</td><td>0.72</td><td>0.45</td><td>0.53</td><td>0.13</td><td>0.34</td></tr>
<tr><td>NULL</td><td>0.7</td><td>0.46</td><td>0.54</td><td>0.14</td><td>0.32</td></tr>
<tr><td>NULL</td><td>0.53</td><td>0.5</td><td>0.53</td><td>0.22</td><td>0.25</td></tr>
<tr><td>NULL</td><td>0.4</td><td>0.49</td><td>0.54</td><td>0.28</td><td>0.18</td></tr>
<tr><td>NULL</td><td>0.31</td><td>0.46</td><td>0.54</td><td>0.32</td><td>0.14</td></tr>
<tr><td>NULL</td><td>0.3</td><td>0.46</td><td>0.53</td><td>0.33</td><td>0.14</td></tr>
<tr><td>NULL</td><td>0.28</td><td>0.45</td><td>0.07</td><td>0.67</td><td>0.25</td></tr>
<tr><td>NULL</td><td>0.18</td><td>0.38</td><td>0.54</td><td>0.38</td><td>0.08</td></tr>
<tr><td>NULL</td><td>0</td><td>0</td><td>0.54</td><td>0.46</td><td>0</td></tr>
<tr><td colspan="6" style="border-bottom: 1px solid black"></td></tr></table>
